accuracy0 : 0.7777777777777778
accuracy1 : 0.8055555555555556
accuracy2 : 0.8888888888888888
accuracy3 : 0.8055555555555556
accuracy4 : 0.8333333333333334
accuracy5 : 0.8611111111111112
accuracy6 : 0.8888888888888888
accuracy7 : 0.8611111111111112
accuracy8 : 0.8611111111111112
accuracy9 : 0.8888888888888888
average_accuracy : 0.8472222222222221
