accuracy0 : 1.0
accuracy1 : 1.0
accuracy2 : 0.9444444444444444
accuracy3 : 0.9444444444444444
accuracy4 : 1.0
accuracy5 : 1.0
accuracy6 : 0.9722222222222222
accuracy7 : 0.9722222222222222
accuracy8 : 0.9444444444444444
accuracy9 : 0.9722222222222222
average_accuracy : 0.975
