accuracy0 : 0.9259259259259259
accuracy1 : 0.9259259259259259
accuracy2 : 1.0
accuracy3 : 0.9259259259259259
accuracy4 : 0.9629629629629629
accuracy5 : 1.0
accuracy6 : 0.9259259259259259
accuracy7 : 0.9259259259259259
accuracy8 : 0.9259259259259259
accuracy9 : 0.8518518518518519
average_accuracy : 0.937037037037037
