accuracy0 : 0.9629629629629629
accuracy1 : 1.0
accuracy2 : 0.9629629629629629
accuracy3 : 0.8888888888888888
accuracy4 : 0.9259259259259259
accuracy5 : 1.0
accuracy6 : 0.9629629629629629
accuracy7 : 1.0
accuracy8 : 0.9259259259259259
accuracy9 : 1.0
average_accuracy : 0.962962962962963
