accuracy0 : 0.9722222222222222
accuracy1 : 0.8611111111111112
accuracy2 : 0.9444444444444444
accuracy3 : 0.8888888888888888
accuracy4 : 0.8611111111111112
accuracy5 : 0.9444444444444444
accuracy6 : 0.8611111111111112
accuracy7 : 0.8611111111111112
accuracy8 : 0.8888888888888888
accuracy9 : 0.9444444444444444
average_accuracy : 0.9027777777777779
