accuracy0 : 0.6388888888888888
accuracy1 : 0.7222222222222222
accuracy2 : 0.7777777777777778
accuracy3 : 0.6666666666666666
accuracy4 : 0.8333333333333334
accuracy5 : 0.6666666666666666
accuracy6 : 0.8333333333333334
accuracy7 : 0.8888888888888888
accuracy8 : 0.8333333333333334
accuracy9 : 0.8333333333333334
average_accuracy : 0.7694444444444443
