accuracy0 : 0.7777777777777778
accuracy1 : 0.9629629629629629
accuracy2 : 0.8888888888888888
accuracy3 : 0.8518518518518519
accuracy4 : 0.8888888888888888
accuracy5 : 0.9629629629629629
accuracy6 : 0.7777777777777778
accuracy7 : 0.8148148148148148
accuracy8 : 0.8148148148148148
accuracy9 : 0.9629629629629629
average_accuracy : 0.8703703703703705
