accuracy0 : 0.5833333333333334
accuracy1 : 0.8333333333333334
accuracy2 : 0.6388888888888888
accuracy3 : 0.5555555555555556
accuracy4 : 0.6666666666666666
accuracy5 : 0.6388888888888888
accuracy6 : 0.8055555555555556
accuracy7 : 0.7222222222222222
accuracy8 : 0.6388888888888888
accuracy9 : 0.6944444444444444
average_accuracy : 0.6777777777777777
