accuracy0 : 1.0
accuracy1 : 0.9259259259259259
accuracy2 : 0.9259259259259259
accuracy3 : 1.0
accuracy4 : 0.9629629629629629
accuracy5 : 0.9629629629629629
accuracy6 : 0.9259259259259259
accuracy7 : 0.9629629629629629
accuracy8 : 0.9629629629629629
accuracy9 : 0.9629629629629629
average_accuracy : 0.9592592592592594
