accuracy0 : 0.9629629629629629
accuracy1 : 0.9259259259259259
accuracy2 : 0.8888888888888888
accuracy3 : 0.9629629629629629
accuracy4 : 0.8888888888888888
accuracy5 : 0.9259259259259259
accuracy6 : 0.8888888888888888
accuracy7 : 0.9629629629629629
accuracy8 : 1.0
accuracy9 : 0.8518518518518519
average_accuracy : 0.9259259259259259
