accuracy0 : 0.9722222222222222
accuracy1 : 1.0
accuracy2 : 0.9722222222222222
accuracy3 : 0.9722222222222222
accuracy4 : 1.0
accuracy5 : 0.9722222222222222
accuracy6 : 0.9444444444444444
accuracy7 : 1.0
accuracy8 : 1.0
accuracy9 : 0.9722222222222222
average_accuracy : 0.9805555555555555
