accuracy0 : 0.9629629629629629
accuracy1 : 0.9629629629629629
accuracy2 : 1.0
accuracy3 : 0.9259259259259259
accuracy4 : 1.0
accuracy5 : 0.9259259259259259
accuracy6 : 0.9259259259259259
accuracy7 : 0.9259259259259259
accuracy8 : 1.0
accuracy9 : 1.0
average_accuracy : 0.9629629629629628
