accuracy0 : 0.6944444444444444
accuracy1 : 0.8055555555555556
accuracy2 : 0.8333333333333334
accuracy3 : 0.8611111111111112
accuracy4 : 0.7222222222222222
accuracy5 : 0.7777777777777778
accuracy6 : 0.75
accuracy7 : 0.7777777777777778
accuracy8 : 0.6944444444444444
accuracy9 : 0.75
average_accuracy : 0.7666666666666667
