accuracy0 : 0.8333333333333334
accuracy1 : 0.6111111111111112
accuracy2 : 0.6944444444444444
accuracy3 : 0.8888888888888888
accuracy4 : 0.8333333333333334
accuracy5 : 0.8333333333333334
accuracy6 : 0.6666666666666666
accuracy7 : 0.6388888888888888
accuracy8 : 0.75
accuracy9 : 0.75
average_accuracy : 0.75
