accuracy0 : 0.8333333333333334
accuracy1 : 0.9166666666666666
accuracy2 : 0.8055555555555556
accuracy3 : 0.7777777777777778
accuracy4 : 0.7777777777777778
accuracy5 : 0.8055555555555556
accuracy6 : 0.7777777777777778
accuracy7 : 0.8333333333333334
accuracy8 : 0.7222222222222222
accuracy9 : 0.8888888888888888
average_accuracy : 0.8138888888888888
