accuracy0 : 0.7777777777777778
accuracy1 : 0.7777777777777778
accuracy2 : 0.75
accuracy3 : 0.7222222222222222
accuracy4 : 0.9166666666666666
accuracy5 : 0.6944444444444444
accuracy6 : 0.8055555555555556
accuracy7 : 0.7222222222222222
accuracy8 : 0.7777777777777778
accuracy9 : 0.7222222222222222
average_accuracy : 0.7666666666666666
