accuracy0 : 0.8055555555555556
accuracy1 : 0.8333333333333334
accuracy2 : 0.9166666666666666
accuracy3 : 0.8611111111111112
accuracy4 : 0.8888888888888888
accuracy5 : 0.8888888888888888
accuracy6 : 0.9166666666666666
accuracy7 : 0.8611111111111112
accuracy8 : 0.8611111111111112
accuracy9 : 0.9444444444444444
average_accuracy : 0.8777777777777779
