accuracy0 : 0.9629629629629629
accuracy1 : 1.0
accuracy2 : 0.9629629629629629
accuracy3 : 1.0
accuracy4 : 1.0
accuracy5 : 1.0
accuracy6 : 0.9629629629629629
accuracy7 : 0.9629629629629629
accuracy8 : 0.9629629629629629
accuracy9 : 0.9629629629629629
average_accuracy : 0.9777777777777779
