accuracy0 : 0.9444444444444444
accuracy1 : 0.9722222222222222
accuracy2 : 1.0
accuracy3 : 0.9722222222222222
accuracy4 : 1.0
accuracy5 : 1.0
accuracy6 : 1.0
accuracy7 : 1.0
accuracy8 : 1.0
accuracy9 : 1.0
average_accuracy : 0.9888888888888889
