accuracy0 : 1.0
accuracy1 : 0.9444444444444444
accuracy2 : 0.9722222222222222
accuracy3 : 0.9722222222222222
accuracy4 : 1.0
accuracy5 : 1.0
accuracy6 : 1.0
accuracy7 : 0.9722222222222222
accuracy8 : 0.9722222222222222
accuracy9 : 1.0
average_accuracy : 0.9833333333333334
