accuracy0 : 0.6388888888888888
accuracy1 : 0.6388888888888888
accuracy2 : 0.6944444444444444
accuracy3 : 0.75
accuracy4 : 0.5833333333333334
accuracy5 : 0.7222222222222222
accuracy6 : 0.5555555555555556
accuracy7 : 0.5833333333333334
accuracy8 : 0.7222222222222222
accuracy9 : 0.6666666666666666
average_accuracy : 0.6555555555555556
