accuracy0 : 0.9259259259259259
accuracy1 : 0.9629629629629629
accuracy2 : 0.9629629629629629
accuracy3 : 0.9259259259259259
accuracy4 : 0.9259259259259259
accuracy5 : 0.9259259259259259
accuracy6 : 0.9259259259259259
accuracy7 : 0.8148148148148148
accuracy8 : 0.9259259259259259
accuracy9 : 0.8888888888888888
average_accuracy : 0.9185185185185185
