accuracy0 : 0.8888888888888888
accuracy1 : 0.8611111111111112
accuracy2 : 0.9444444444444444
accuracy3 : 0.9166666666666666
accuracy4 : 0.9444444444444444
accuracy5 : 0.8611111111111112
accuracy6 : 0.8888888888888888
accuracy7 : 0.8888888888888888
accuracy8 : 0.6944444444444444
accuracy9 : 0.9444444444444444
average_accuracy : 0.8833333333333334
