accuracy0 : 0.9629629629629629
accuracy1 : 0.8148148148148148
accuracy2 : 0.7407407407407407
accuracy3 : 0.8518518518518519
accuracy4 : 0.7037037037037037
accuracy5 : 0.7407407407407407
accuracy6 : 0.7037037037037037
accuracy7 : 0.7777777777777778
accuracy8 : 0.6666666666666666
accuracy9 : 0.6666666666666666
average_accuracy : 0.7629629629629631
