accuracy0 : 0.9259259259259259
accuracy1 : 0.9629629629629629
accuracy2 : 1.0
accuracy3 : 0.9629629629629629
accuracy4 : 0.9629629629629629
accuracy5 : 0.9629629629629629
accuracy6 : 1.0
accuracy7 : 0.9629629629629629
accuracy8 : 0.9259259259259259
accuracy9 : 0.9629629629629629
average_accuracy : 0.962962962962963
