accuracy0 : 0.6944444444444444
accuracy1 : 0.6944444444444444
accuracy2 : 0.6944444444444444
accuracy3 : 0.6944444444444444
accuracy4 : 0.8055555555555556
accuracy5 : 0.5555555555555556
accuracy6 : 0.7222222222222222
accuracy7 : 0.7222222222222222
accuracy8 : 0.7222222222222222
accuracy9 : 0.7222222222222222
average_accuracy : 0.7027777777777777
