accuracy0 : 0.7222222222222222
accuracy1 : 0.6944444444444444
accuracy2 : 0.7222222222222222
accuracy3 : 0.8611111111111112
accuracy4 : 0.5555555555555556
accuracy5 : 0.8055555555555556
accuracy6 : 0.8333333333333334
accuracy7 : 0.6111111111111112
accuracy8 : 0.7777777777777778
accuracy9 : 0.75
average_accuracy : 0.7333333333333333
