accuracy0 : 0.6666666666666666
accuracy1 : 0.75
accuracy2 : 0.7222222222222222
accuracy3 : 0.6944444444444444
accuracy4 : 0.7777777777777778
accuracy5 : 0.8055555555555556
accuracy6 : 0.6666666666666666
accuracy7 : 0.75
accuracy8 : 0.7222222222222222
accuracy9 : 0.7222222222222222
average_accuracy : 0.7277777777777777
