accuracy0 : 0.7222222222222222
accuracy1 : 0.6666666666666666
accuracy2 : 0.75
accuracy3 : 0.6666666666666666
accuracy4 : 0.8888888888888888
accuracy5 : 0.7222222222222222
accuracy6 : 0.5
accuracy7 : 0.75
accuracy8 : 0.6944444444444444
accuracy9 : 0.6944444444444444
average_accuracy : 0.7055555555555555
