accuracy0 : 0.7222222222222222
accuracy1 : 0.7222222222222222
accuracy2 : 0.6666666666666666
accuracy3 : 0.8333333333333334
accuracy4 : 0.5833333333333334
accuracy5 : 0.7777777777777778
accuracy6 : 0.8055555555555556
accuracy7 : 0.6666666666666666
accuracy8 : 0.7777777777777778
accuracy9 : 0.6666666666666666
average_accuracy : 0.7222222222222223
