accuracy0 : 0.8888888888888888
accuracy1 : 0.9629629629629629
accuracy2 : 0.9629629629629629
accuracy3 : 0.9629629629629629
accuracy4 : 0.9259259259259259
accuracy5 : 0.8888888888888888
accuracy6 : 0.9629629629629629
accuracy7 : 0.8888888888888888
accuracy8 : 0.8148148148148148
accuracy9 : 0.9629629629629629
average_accuracy : 0.9222222222222222
