accuracy0 : 0.8333333333333334
accuracy1 : 0.7222222222222222
accuracy2 : 0.75
accuracy3 : 0.75
accuracy4 : 0.8055555555555556
accuracy5 : 0.6944444444444444
accuracy6 : 0.8055555555555556
accuracy7 : 0.6944444444444444
accuracy8 : 0.8333333333333334
accuracy9 : 0.75
average_accuracy : 0.7638888888888888
