accuracy0 : 0.9259259259259259
accuracy1 : 0.8148148148148148
accuracy2 : 0.9629629629629629
accuracy3 : 0.9629629629629629
accuracy4 : 0.8148148148148148
accuracy5 : 0.6666666666666666
accuracy6 : 0.9259259259259259
accuracy7 : 0.9259259259259259
accuracy8 : 0.9259259259259259
accuracy9 : 0.9259259259259259
average_accuracy : 0.8851851851851851
