accuracy0 : 0.7222222222222222
accuracy1 : 0.5833333333333334
accuracy2 : 0.75
accuracy3 : 0.6111111111111112
accuracy4 : 0.6388888888888888
accuracy5 : 0.75
accuracy6 : 0.8611111111111112
accuracy7 : 0.8333333333333334
accuracy8 : 0.7777777777777778
accuracy9 : 0.6944444444444444
average_accuracy : 0.7222222222222221
