accuracy0 : 0.9629629629629629
accuracy1 : 1.0
accuracy2 : 1.0
accuracy3 : 1.0
accuracy4 : 1.0
accuracy5 : 1.0
accuracy6 : 1.0
accuracy7 : 1.0
accuracy8 : 1.0
accuracy9 : 1.0
average_accuracy : 0.9962962962962962
