accuracy0 : 0.8888888888888888
accuracy1 : 0.8333333333333334
accuracy2 : 0.8611111111111112
accuracy3 : 0.9166666666666666
accuracy4 : 0.9444444444444444
accuracy5 : 0.9166666666666666
accuracy6 : 0.8611111111111112
accuracy7 : 1.0
accuracy8 : 0.8888888888888888
accuracy9 : 0.9444444444444444
average_accuracy : 0.9055555555555557
