accuracy0 : 1.0
accuracy1 : 1.0
accuracy2 : 0.9722222222222222
accuracy3 : 1.0
accuracy4 : 0.9444444444444444
accuracy5 : 0.9722222222222222
accuracy6 : 0.9722222222222222
accuracy7 : 0.9722222222222222
accuracy8 : 0.9722222222222222
accuracy9 : 1.0
average_accuracy : 0.9805555555555555
