accuracy0 : 0.8611111111111112
accuracy1 : 0.7777777777777778
accuracy2 : 0.8611111111111112
accuracy3 : 0.9444444444444444
accuracy4 : 0.8888888888888888
accuracy5 : 0.9166666666666666
accuracy6 : 0.8333333333333334
accuracy7 : 0.8055555555555556
accuracy8 : 0.8333333333333334
accuracy9 : 0.8888888888888888
average_accuracy : 0.861111111111111
