accuracy0 : 0.8888888888888888
accuracy1 : 0.8333333333333334
accuracy2 : 0.9444444444444444
accuracy3 : 0.9166666666666666
accuracy4 : 0.6666666666666666
accuracy5 : 0.9166666666666666
accuracy6 : 0.9166666666666666
accuracy7 : 0.8888888888888888
accuracy8 : 0.8333333333333334
accuracy9 : 0.9166666666666666
average_accuracy : 0.8722222222222223
