accuracy0 : 0.9166666666666666
accuracy1 : 0.7777777777777778
accuracy2 : 0.9166666666666666
accuracy3 : 0.9722222222222222
accuracy4 : 0.9444444444444444
accuracy5 : 1.0
accuracy6 : 0.8611111111111112
accuracy7 : 0.8611111111111112
accuracy8 : 0.9166666666666666
accuracy9 : 0.9166666666666666
average_accuracy : 0.9083333333333332
