accuracy0 : 0.9629629629629629
accuracy1 : 0.9629629629629629
accuracy2 : 0.8148148148148148
accuracy3 : 1.0
accuracy4 : 0.9259259259259259
accuracy5 : 0.9259259259259259
accuracy6 : 0.8888888888888888
accuracy7 : 0.8888888888888888
accuracy8 : 0.9259259259259259
accuracy9 : 0.8148148148148148
average_accuracy : 0.9111111111111111
