accuracy0 : 0.8333333333333334
accuracy1 : 0.9444444444444444
accuracy2 : 0.8888888888888888
accuracy3 : 0.9722222222222222
accuracy4 : 0.9722222222222222
accuracy5 : 0.8888888888888888
accuracy6 : 0.9166666666666666
accuracy7 : 0.8888888888888888
accuracy8 : 0.9166666666666666
accuracy9 : 0.8611111111111112
average_accuracy : 0.9083333333333332
