accuracy0 : 0.8611111111111112
accuracy1 : 0.8333333333333334
accuracy2 : 0.9444444444444444
accuracy3 : 0.8611111111111112
accuracy4 : 0.8611111111111112
accuracy5 : 0.8611111111111112
accuracy6 : 0.8611111111111112
accuracy7 : 0.8888888888888888
accuracy8 : 0.8611111111111112
accuracy9 : 0.8888888888888888
average_accuracy : 0.8722222222222223
