accuracy0 : 0.9629629629629629
accuracy1 : 0.8888888888888888
accuracy2 : 0.8888888888888888
accuracy3 : 0.9259259259259259
accuracy4 : 0.8888888888888888
accuracy5 : 0.9629629629629629
accuracy6 : 1.0
accuracy7 : 0.9629629629629629
accuracy8 : 0.9259259259259259
accuracy9 : 0.9259259259259259
average_accuracy : 0.9333333333333332
