accuracy0 : 0.8055555555555556
accuracy1 : 0.7777777777777778
accuracy2 : 0.6666666666666666
accuracy3 : 0.5833333333333334
accuracy4 : 0.7222222222222222
accuracy5 : 0.8888888888888888
accuracy6 : 0.75
accuracy7 : 0.7222222222222222
accuracy8 : 0.8055555555555556
accuracy9 : 0.7777777777777778
average_accuracy : 0.75
