accuracy0 : 1.0
accuracy1 : 1.0
accuracy2 : 1.0
accuracy3 : 1.0
accuracy4 : 1.0
accuracy5 : 0.9629629629629629
accuracy6 : 0.9629629629629629
accuracy7 : 1.0
accuracy8 : 1.0
accuracy9 : 1.0
average_accuracy : 0.9925925925925926
