accuracy0 : 0.8333333333333334
accuracy1 : 0.8333333333333334
accuracy2 : 0.8333333333333334
accuracy3 : 0.8888888888888888
accuracy4 : 0.9444444444444444
accuracy5 : 0.8888888888888888
accuracy6 : 0.8333333333333334
accuracy7 : 0.9166666666666666
accuracy8 : 0.9444444444444444
accuracy9 : 0.75
average_accuracy : 0.8666666666666666
