accuracy0 : 1.0
accuracy1 : 0.9629629629629629
accuracy2 : 0.9629629629629629
accuracy3 : 0.9629629629629629
accuracy4 : 1.0
accuracy5 : 1.0
accuracy6 : 0.8888888888888888
accuracy7 : 1.0
accuracy8 : 0.9259259259259259
accuracy9 : 0.9629629629629629
average_accuracy : 0.9666666666666666
