accuracy0 : 0.9259259259259259
accuracy1 : 1.0
accuracy2 : 0.9629629629629629
accuracy3 : 1.0
accuracy4 : 0.9629629629629629
accuracy5 : 0.9629629629629629
accuracy6 : 1.0
accuracy7 : 1.0
accuracy8 : 0.9629629629629629
accuracy9 : 0.9259259259259259
average_accuracy : 0.9703703703703704
