accuracy0 : 0.8888888888888888
accuracy1 : 0.9629629629629629
accuracy2 : 0.9629629629629629
accuracy3 : 0.9629629629629629
accuracy4 : 0.9629629629629629
accuracy5 : 1.0
accuracy6 : 1.0
accuracy7 : 1.0
accuracy8 : 0.9629629629629629
accuracy9 : 1.0
average_accuracy : 0.9703703703703704
