accuracy0 : 0.9166666666666666
accuracy1 : 0.8888888888888888
accuracy2 : 0.8888888888888888
accuracy3 : 0.8333333333333334
accuracy4 : 0.8333333333333334
accuracy5 : 0.8888888888888888
accuracy6 : 0.8888888888888888
accuracy7 : 0.8333333333333334
accuracy8 : 0.8888888888888888
accuracy9 : 0.9166666666666666
average_accuracy : 0.8777777777777777
