accuracy0 : 0.9722222222222222
accuracy1 : 0.9722222222222222
accuracy2 : 0.9722222222222222
accuracy3 : 0.9722222222222222
accuracy4 : 0.9722222222222222
accuracy5 : 0.9722222222222222
accuracy6 : 0.9722222222222222
accuracy7 : 1.0
accuracy8 : 0.9722222222222222
accuracy9 : 1.0
average_accuracy : 0.9777777777777776
