accuracy0 : 0.7777777777777778
accuracy1 : 0.8518518518518519
accuracy2 : 0.8888888888888888
accuracy3 : 0.8888888888888888
accuracy4 : 0.8148148148148148
accuracy5 : 0.7407407407407407
accuracy6 : 0.9259259259259259
accuracy7 : 0.7777777777777778
accuracy8 : 0.9259259259259259
accuracy9 : 0.8148148148148148
average_accuracy : 0.8407407407407407
