accuracy0 : 0.9259259259259259
accuracy1 : 1.0
accuracy2 : 1.0
accuracy3 : 0.9629629629629629
accuracy4 : 0.9629629629629629
accuracy5 : 0.9629629629629629
accuracy6 : 1.0
accuracy7 : 1.0
accuracy8 : 0.9629629629629629
accuracy9 : 1.0
average_accuracy : 0.9777777777777779
