accuracy0 : 0.9444444444444444
accuracy1 : 0.9444444444444444
accuracy2 : 0.8611111111111112
accuracy3 : 0.8888888888888888
accuracy4 : 0.8611111111111112
accuracy5 : 0.8611111111111112
accuracy6 : 0.9444444444444444
accuracy7 : 0.8888888888888888
accuracy8 : 0.8611111111111112
accuracy9 : 0.9166666666666666
average_accuracy : 0.8972222222222221
