accuracy0 : 0.8148148148148148
accuracy1 : 0.7037037037037037
accuracy2 : 0.8148148148148148
accuracy3 : 0.8518518518518519
accuracy4 : 0.7777777777777778
accuracy5 : 0.7777777777777778
accuracy6 : 0.7407407407407407
accuracy7 : 0.8148148148148148
accuracy8 : 0.8888888888888888
accuracy9 : 0.8518518518518519
average_accuracy : 0.8037037037037036
