accuracy0 : 0.8888888888888888
accuracy1 : 0.7777777777777778
accuracy2 : 0.8518518518518519
accuracy3 : 0.8888888888888888
accuracy4 : 0.9259259259259259
accuracy5 : 0.7407407407407407
accuracy6 : 0.8518518518518519
accuracy7 : 0.9629629629629629
accuracy8 : 0.8888888888888888
accuracy9 : 0.8148148148148148
average_accuracy : 0.8592592592592592
