accuracy0 : 0.8518518518518519
accuracy1 : 0.8518518518518519
accuracy2 : 0.8518518518518519
accuracy3 : 0.8148148148148148
accuracy4 : 0.9259259259259259
accuracy5 : 0.9629629629629629
accuracy6 : 0.9629629629629629
accuracy7 : 0.9259259259259259
accuracy8 : 0.8888888888888888
accuracy9 : 0.8888888888888888
average_accuracy : 0.8925925925925926
